1
2
4
7
8
10
11
12
13
14
15
17
19
20
21
23
24
26
29
30
31
33
34
35
36
37
39
41
42
45
46
47
48
49
50
51
52
56
58
60
62
63
64
66
67
70
71
72
74
75
76
77
78
79
80
82
85
87
88
89
90
92
93
94
95
97
98
99
101
102
105
106
107
108
109
110
111
112
113
115
116
118
122
123
126
127
128
130
131
132
133
135
136
137
138
139
140
141
143
144
146
147
148
149
152
155
156
157
158
159
160
162
163
164
165
167
168
169
170
171
172
173
175
176
177
178
179
180
181
182
183
186
187
188
191
192
194
196
197
198
199
200
201
202
203
204
206
207
208
209
211
212
213
214
216
